124;170;148;../../images/1.jpg
157;171;117;../../images/10.jpg
203;164;172;../../images/100.jpg
199;192;200;../../images/101.jpg
218;197;198;../../images/102.jpg
152;170;144;../../images/103.jpg
189;181;169;../../images/104.jpg
182;172;161;../../images/105.jpg
177;165;160;../../images/106.jpg
171;152;150;../../images/107.jpg
203;164;168;../../images/108.jpg
168;164;169;../../images/109.jpg
134;175;83;../../images/11.jpg
155;149;163;../../images/110.jpg
128;139;146;../../images/111.jpg
150;154;163;../../images/112.jpg
222;188;201;../../images/113.jpg
108;120;135;../../images/114.jpg
173;158;147;../../images/115-mega.jpg
176;160;149;../../images/115.jpg
158;192;198;../../images/116.jpg
133;176;182;../../images/117.jpg
213;199;201;../../images/118.jpg
189;178;176;../../images/119.jpg
176;177;184;../../images/12.jpg
164;145;114;../../images/120.jpg
156;146;153;../../images/121.jpg
168;152;164;../../images/122.jpg
175;193;171;../../images/123.jpg
192;151;145;../../images/124.jpg
169;159;124;../../images/125.jpg
196;154;121;../../images/126.jpg
183;172;149;../../images/127-mega.jpg
145;137;138;../../images/127.jpg
163;143;126;../../images/128.jpg
206;158;136;../../images/129.jpg
179;147;117;../../images/13.jpg
131;152;147;../../images/130-mega.jpg
146;161;175;../../images/130.jpg
135;168;186;../../images/131.jpg
184;169;200;../../images/132.jpg
167;138;108;../../images/133.jpg
137;177;185;../../images/134.jpg
207;188;141;../../images/135.jpg
199;161;125;../../images/136.jpg
156;154;160;../../images/137.jpg
169;181;170;../../images/138.jpg
160;176;171;../../images/139.jpg
183;163;104;../../images/14.jpg
123;99;80;../../images/140.jpg
163;145;129;../../images/141.jpg
125;114;125;../../images/142-mega.jpg
169;162;176;../../images/142.jpg
163;174;174;../../images/143.jpg
141;167;190;../../images/144.jpg
200;185;136;../../images/145.jpg
233;196;154;../../images/146.jpg
180;186;200;../../images/147.jpg
166;187;206;../../images/148.jpg
203;186;151;../../images/149.jpg
168;161;144;../../images/15-mega.jpg
184;181;171;../../images/15.jpg
195;184;194;../../images/150-mega-x.jpg
190;176;186;../../images/150-mega-y.jpg
189;177;190;../../images/150.jpg
210;183;194;../../images/151.jpg
170;191;147;../../images/152.jpg
196;190;147;../../images/153.jpg
198;180;155;../../images/154.jpg
192;166;130;../../images/155.jpg
206;178;135;../../images/156.jpg
220;193;142;../../images/157.jpg
117;146;149;../../images/158.jpg
155;167;158;../../images/159.jpg
175;154;122;../../images/16.jpg
139;168;178;../../images/160.jpg
169;144;133;../../images/161.jpg
179;157;139;../../images/162.jpg
165;141;129;../../images/163.jpg
138;119;105;../../images/164.jpg
186;164;140;../../images/165.jpg
175;146;141;../../images/166.jpg
151;163;125;../../images/167.jpg
159;122;117;../../images/168.jpg
146;147;167;../../images/169.jpg
195;172;148;../../images/17.jpg
162;166;173;../../images/170.jpg
151;156;173;../../images/171.jpg
164;162;128;../../images/172.jpg
204;175;165;../../images/173.jpg
216;190;197;../../images/174.jpg
210;203;182;../../images/175.jpg
203;209;196;../../images/176.jpg
148;144;94;../../images/177.jpg
174;162;140;../../images/178.jpg
181;176;157;../../images/179.jpg
175;163;159;../../images/18-mega.jpg
197;173;146;../../images/18.jpg
183;160;169;../../images/180.jpg
207;201;184;../../images/181-mega.jpg
221;203;154;../../images/181.jpg
173;156;118;../../images/182.jpg
116;165;191;../../images/183.jpg
132;165;186;../../images/184.jpg
159;145;122;../../images/185.jpg
171;191;123;../../images/186.jpg
195;162;153;../../images/187.jpg
151;180;99;../../images/188.jpg
184;185;188;../../images/189.jpg
172;152;167;../../images/19.jpg
187;167;170;../../images/190.jpg
148;146;98;../../images/191.jpg
183;192;137;../../images/192.jpg
177;148;128;../../images/193.jpg
146;171;188;../../images/194.jpg
141;172;186;../../images/195.jpg
194;174;191;../../images/196.jpg
100;106;103;../../images/197.jpg
91;104;115;../../images/198.jpg
205;171;167;../../images/199.jpg
117;148;147;../../images/2.jpg
176;151;121;../../images/20.jpg
98;114;130;../../images/200.jpg
116;128;137;../../images/201-f.jpg
112;157;180;../../images/202.jpg
167;136;90;../../images/203.jpg
76;97;100;../../images/204.jpg
167;134;135;../../images/205.jpg
195;196;146;../../images/206.jpg
180;138;169;../../images/207.jpg
160;167;179;../../images/208-mega.jpg
131;133;151;../../images/208.jpg
186;140;143;../../images/209.jpg
171;130;120;../../images/21.jpg
192;165;181;../../images/210.jpg
149;166;139;../../images/211.jpg
176;137;133;../../images/212-mega.jpg
171;114;112;../../images/212.jpg
210;175;123;../../images/213.jpg
102;114;134;../../images/214-mega.jpg
107;136;159;../../images/214.jpg
141;140;149;../../images/215.jpg
195;147;101;../../images/216.jpg
164;128;102;../../images/217.jpg
220;133;114;../../images/218.jpg
183;120;112;../../images/219.jpg
180;150;128;../../images/22.jpg
160;126;105;../../images/220.jpg
170;134;114;../../images/221.jpg
221;157;166;../../images/222.jpg
183;195;183;../../images/223.jpg
199;105;91;../../images/224.jpg
198;156;150;../../images/225.jpg
178;174;183;../../images/226.jpg
169;149;159;../../images/227.jpg
110;103;100;../../images/228.jpg
155;153;156;../../images/229-mega.jpg
126;115;112;../../images/229.jpg
156;124;141;../../images/23.jpg
148;179;187;../../images/230.jpg
149;181;179;../../images/231.jpg
178;182;188;../../images/232.jpg
162;142;164;../../images/233.jpg
185;162;141;../../images/234.jpg
195;184;167;../../images/235.jpg
175;156;157;../../images/236.jpg
153;145;141;../../images/237.jpg
204;176;146;../../images/238.jpg
204;187;132;../../images/239.jpg
130;119;129;../../images/24.jpg
201;140;131;../../images/240.jpg
187;162;154;../../images/241.jpg
213;176;186;../../images/242.jpg
186;172;145;../../images/243.jpg
140;117;102;../../images/244.jpg
153;164;176;../../images/245.jpg
148;149;117;../../images/246.jpg
148;158;181;../../images/247.jpg
152;160;127;../../images/248-mega.jpg
143;153;132;../../images/248.jpg
198;201;213;../../images/249.jpg
177;174;164;../../images/25-belle.jpg
185;160;118;../../images/25-libre.jpg
172;163;140;../../images/25-phd.jpg
194;160;136;../../images/25-pop-star.jpg
162;139;114;../../images/25-rock-star.jpg
213;195;129;../../images/25.jpg
199;156;130;../../images/250.jpg
189;203;181;../../images/251.jpg
157;175;133;../../images/252.jpg
151;168;142;../../images/253.jpg
139;150;119;../../images/254-mega.jpg
146;177;143;../../images/254.jpg
205;165;127;../../images/255.jpg
217;186;151;../../images/256.jpg
203;166;149;../../images/257-mega.jpg
211;171;141;../../images/257.jpg
161;190;196;../../images/258.jpg
146;167;167;../../images/259.jpg
211;193;148;../../images/26.jpg
108;106;112;../../images/260-mega.jpg
139;153;167;../../images/260.jpg
151;150;149;../../images/261.jpg
98;98;98;../../images/262.jpg
166;150;135;../../images/263.jpg
199;188;181;../../images/264.jpg
206;164;157;../../images/265.jpg
214;214;220;../../images/266.jpg
142;133;118;../../images/267.jpg
193;184;197;../../images/268.jpg
164;163;119;../../images/269.jpg
185;179;122;../../images/27.jpg
119;155;121;../../images/270.jpg
147;175;127;../../images/271.jpg
178;184;140;../../images/272.jpg
153;145;135;../../images/273.jpg
165;158;146;../../images/274.jpg
161;167;148;../../images/275.jpg
132;125;139;../../images/276.jpg
125;109;128;../../images/277.jpg
199;204;206;../../images/278.jpg
207;204;180;../../images/279.jpg
163;146;96;../../images/28.jpg
166;176;155;../../images/280.jpg
173;188;167;../../images/281.jpg
214;214;217;../../images/282-mega.jpg
202;213;200;../../images/282.jpg
174;198;204;../../images/283.jpg
214;196;192;../../images/284.jpg
194;190;171;../../images/285.jpg
175;172;150;../../images/286.jpg
188;178;170;../../images/287.jpg
205;200;201;../../images/288.jpg
177;166;156;../../images/289.jpg
164;179;200;../../images/29.jpg
193;194;192;../../images/290.jpg
189;177;171;../../images/291.jpg
182;166;140;../../images/292.jpg
210;186;182;../../images/293.jpg
153;140;154;../../images/294.jpg
169;159;174;../../images/295.jpg
200;185;149;../../images/296.jpg
194;167;140;../../images/297.jpg
102;164;206;../../images/298.jpg
117;114;148;../../images/299.jpg
128;148;142;../../images/3-mega.jpg
128;140;137;../../images/3.jpg
141;172;186;../../images/30.jpg
225;194;183;../../images/300.jpg
196;171;172;../../images/301.jpg
188;113;138;../../images/302-mega.jpg
126;122;166;../../images/302.jpg
130;116;122;../../images/303-mega.jpg
145;135;120;../../images/303.jpg
168;170;173;../../images/304.jpg
169;168;170;../../images/305.jpg
158;162;171;../../images/306-mega.jpg
130;130;134;../../images/306.jpg
183;192;201;../../images/307.jpg
208;191;189;../../images/308-mega.jpg
209;153;160;../../images/308.jpg
173;193;155;../../images/309.jpg
133;150;160;../../images/31.jpg
192;204;156;../../images/310-mega.jpg
169;182;167;../../images/310.jpg
199;161;146;../../images/311.jpg
174;197;191;../../images/312.jpg
168;145;146;../../images/313.jpg
142;145;154;../../images/314.jpg
152;178;163;../../images/315.jpg
170;191;150;../../images/316.jpg
134;121;158;../../images/317.jpg
165;144;130;../../images/318.jpg
143;148;157;../../images/319-mega.jpg
107;135;157;../../images/319.jpg
137;119;147;../../images/32.jpg
151;172;176;../../images/320.jpg
142;165;176;../../images/321.jpg
225;209;156;../../images/322.jpg
175;130;117;../../images/323-mega.jpg
182;145;137;../../images/323.jpg
204;181;161;../../images/324.jpg
162;156;158;../../images/325.jpg
149;136;145;../../images/326.jpg
191;155;148;../../images/327.jpg
218;153;125;../../images/328.jpg
129;157;125;../../images/329.jpg
157;135;162;../../images/33.jpg
186;191;163;../../images/330.jpg
149;174;135;../../images/331.jpg
160;185;150;../../images/332.jpg
190;219;234;../../images/333.jpg
218;224;232;../../images/334-mega.jpg
191;216;225;../../images/334.jpg
217;203;210;../../images/335.jpg
127;127;130;../../images/336.jpg
180;170;139;../../images/337.jpg
206;172;127;../../images/338.jpg
149;172;184;../../images/339.jpg
157;136;158;../../images/34.jpg
122;138;160;../../images/340.jpg
215;164;144;../../images/341.jpg
170;122;116;../../images/342.jpg
180;163;137;../../images/343.jpg
132;114;113;../../images/344.jpg
182;156;163;../../images/345.jpg
178;184;160;../../images/346.jpg
163;157;154;../../images/347.jpg
141;149;157;../../images/348.jpg
169;166;155;../../images/349.jpg
219;185;190;../../images/35.jpg
203;181;173;../../images/350.jpg
189;188;193;../../images/351.jpg
183;192;134;../../images/352.jpg
117;123;150;../../images/353.jpg
122;103;98;../../images/354-mega.jpg
137;133;128;../../images/354.jpg
160;161;154;../../images/355.jpg
171;168;165;../../images/356.jpg
134;158;124;../../images/357.jpg
207;194;203;../../images/358.jpg
191;197;210;../../images/359-mega.jpg
190;195;205;../../images/359.jpg
222;198;193;../../images/36.jpg
151;189;193;../../images/360.jpg
167;147;120;../../images/361.jpg
110;121;133;../../images/362-mega.jpg
135;139;147;../../images/362.jpg
186;194;206;../../images/363.jpg
170;200;209;../../images/364.jpg
125;168;189;../../images/365.jpg
98;109;124;../../images/366.jpg
176;179;177;../../images/367.jpg
219;180;198;../../images/368.jpg
141;129;121;../../images/369.jpg
185;124;98;../../images/37.jpg
201;150;157;../../images/370.jpg
160;186;195;../../images/371.jpg
187;185;187;../../images/372.jpg
157;107;110;../../images/373-mega.jpg
144;145;159;../../images/373.jpg
126;157;176;../../images/374.jpg
105;135;149;../../images/375.jpg
114;127;130;../../images/376-mega.jpg
119;146;160;../../images/376.jpg
173;152;149;../../images/377.jpg
151;196;211;../../images/378.jpg
131;134;138;../../images/379.jpg
224;219;168;../../images/38.jpg
148;144;171;../../images/380-mega.jpg
192;173;183;../../images/380.jpg
149;145;171;../../images/381-mega.jpg
132;162;185;../../images/381.jpg
146;145;169;../../images/382-primal.jpg
118;145;183;../../images/382.jpg
174;137;135;../../images/383-primal.jpg
171;112;106;../../images/383.jpg
163;170;151;../../images/384-mega.jpg
120;153;132;../../images/384.jpg
217;219;188;../../images/385.jpg
178;159;151;../../images/386-attack.jpg
180;145;130;../../images/386-defense.jpg
189;163;149;../../images/386-normal.jpg
173;160;149;../../images/386-speed.jpg
166;170;115;../../images/387.jpg
133;149;103;../../images/388.jpg
115;130;102;../../images/389.jpg
202;178;187;../../images/39.jpg
209;180;145;../../images/390.jpg
190;162;135;../../images/391.jpg
197;165;141;../../images/392.jpg
166;179;178;../../images/393.jpg
126;142;147;../../images/394.jpg
111;116;121;../../images/395.jpg
126;117;112;../../images/396.jpg
124;114;110;../../images/397.jpg
142;127;121;../../images/398.jpg
153;124;91;../../images/399.jpg
208;171;146;../../images/4.jpg
210;196;202;../../images/40.jpg
155;129;96;../../images/400.jpg
170;132;112;../../images/401.jpg
168;131;121;../../images/402.jpg
129;151;148;../../images/403.jpg
112;124;120;../../images/404.jpg
95;100;99;../../images/405.jpg
155;184;116;../../images/406.jpg
156;170;170;../../images/407.jpg
123;142;160;../../images/408.jpg
113;122;133;../../images/409.jpg
140;122;161;../../images/41.jpg
152;142;126;../../images/410.jpg
136;133;128;../../images/411.jpg
109;141;96;../../images/412-plant.jpg
177;167;140;../../images/412-sandy.jpg
177;139;138;../../images/412-trash.jpg
114;150;113;../../images/413-plant.jpg
177;159;134;../../images/413-sandy.jpg
182;130;144;../../images/413-trash.jpg
202;171;125;../../images/414.jpg
202;168;114;../../images/415.jpg
153;127;92;../../images/416.jpg
185;211;217;../../images/417.jpg
195;150;115;../../images/418.jpg
199;166;127;../../images/419.jpg
141;129;159;../../images/42.jpg
168;132;119;../../images/420.jpg
120;113;121;../../images/421-overcast.jpg
203;161;143;../../images/421-sunshine.jpg
111;169;159;../../images/422-east.jpg
198;153;161;../../images/422-west.jpg
105;161;135;../../images/423-east.jpg
183;141;130;../../images/423-west.jpg
182;160;162;../../images/424.jpg
174;160;167;../../images/425.jpg
175;157;159;../../images/426.jpg
188;163;134;../../images/427.jpg
174;154;138;../../images/428-mega.jpg
202;181;143;../../images/428.jpg
150;126;158;../../images/429.jpg
90;145;108;../../images/43.jpg
110;115;128;../../images/430.jpg
150;151;161;../../images/431.jpg
165;162;171;../../images/432.jpg
208;175;129;../../images/433.jpg
142;125;136;../../images/434.jpg
145;128;137;../../images/435.jpg
90;134;145;../../images/436.jpg
119;152;151;../../images/437.jpg
145;152;114;../../images/438.jpg
171;157;165;../../images/439.jpg
145;123;123;../../images/44.jpg
214;187;187;../../images/440.jpg
116;125;125;../../images/441.jpg
187;165;160;../../images/442.jpg
113;128;138;../../images/443.jpg
133;126;148;../../images/444.jpg
139;130;135;../../images/445-mega.jpg
128;122;133;../../images/445.jpg
123;142;150;../../images/446.jpg
107;117;126;../../images/447.jpg
147;139;132;../../images/448-mega.jpg
122;134;137;../../images/448.jpg
175;155;111;../../images/449.jpg
164;114;135;../../images/45.jpg
163;148;123;../../images/450.jpg
135;142;167;../../images/451.jpg
144;123;153;../../images/452.jpg
120;128;146;../../images/453.jpg
126;129;148;../../images/454.jpg
154;171;123;../../images/455.jpg
133;142;149;../../images/456.jpg
116;138;141;../../images/457.jpg
121;161;190;../../images/458.jpg
158;167;163;../../images/459.jpg
188;143;123;../../images/46.jpg
187;196;202;../../images/460-mega.jpg
151;165;167;../../images/460.jpg
163;117;130;../../images/461.jpg
131;137;142;../../images/462.jpg
198;140;143;../../images/463.jpg
142;117;108;../../images/464.jpg
116;132;156;../../images/465.jpg
163;150;122;../../images/466.jpg
184;126;95;../../images/467.jpg
181;194;195;../../images/468.jpg
165;143;130;../../images/469.jpg
194;141;127;../../images/47.jpg
181;194;160;../../images/470.jpg
152;189;190;../../images/471.jpg
121;121;135;../../images/472.jpg
167;150;125;../../images/473.jpg
152;153;166;../../images/474.jpg
171;189;192;../../images/475-mega.jpg
167;183;168;../../images/475.jpg
123;106;115;../../images/476.jpg
134;130;118;../../images/477.jpg
188;190;191;../../images/478.jpg
214;183;140;../../images/479-fan.jpg
197;147;142;../../images/479-frost.jpg
203;138;125;../../images/479-heat.jpg
174;149;108;../../images/479-mow.jpg
156;155;149;../../images/479-wash.jpg
196;203;197;../../images/479.jpg
138;123;156;../../images/48.jpg
175;175;163;../../images/480.jpg
191;179;197;../../images/481.jpg
147;172;184;../../images/482.jpg
132;140;164;../../images/483.jpg
183;172;185;../../images/484.jpg
145;126;116;../../images/485.jpg
167;166;144;../../images/486.jpg
144;132;117;../../images/487-altered.jpg
124;113;100;../../images/487-origin.jpg
204;183;182;../../images/488.jpg
130;172;182;../../images/489.jpg
201;193;208;../../images/49.jpg
141;191;201;../../images/490.jpg
102;97;97;../../images/491.jpg
169;174;133;../../images/492-land.jpg
203;193;176;../../images/492-sky.jpg
171;169;160;../../images/493-normal.jpg
200;171;141;../../images/494.jpg
128;168;103;../../images/495.jpg
177;198;158;../../images/496.jpg
136;181;146;../../images/497.jpg
155;119;94;../../images/498.jpg
162;115;79;../../images/499.jpg
217;157;143;../../images/5.jpg
161;141;132;../../images/50.jpg
150;115;93;../../images/500.jpg
167;176;177;../../images/501.jpg
121;148;158;../../images/502.jpg
143;156;162;../../images/503.jpg
178;153;126;../../images/504.jpg
177;140;107;../../images/505.jpg
203;170;134;../../images/506.jpg
159;141;135;../../images/507.jpg
173;166;152;../../images/508.jpg
153;131;151;../../images/509.jpg
152;133;124;../../images/51.jpg
159;136;134;../../images/510.jpg
148;183;139;../../images/511.jpg
129;177;133;../../images/512.jpg
209;147;117;../../images/513.jpg
205;149;124;../../images/514.jpg
161;190;177;../../images/515.jpg
148;190;187;../../images/516.jpg
220;186;196;../../images/517.jpg
209;166;184;../../images/518.jpg
160;155;150;../../images/519.jpg
192;179;159;../../images/52.jpg
155;149;148;../../images/520.jpg
125;119;119;../../images/521.jpg
108;103;99;../../images/521f.jpg
137;134;130;../../images/522.jpg
135;134;135;../../images/523.jpg
96;93;93;../../images/524.jpg
99;84;96;../../images/525.jpg
126;90;97;../../images/526.jpg
137;144;150;../../images/527.jpg
107;114;123;../../images/528.jpg
144;136;137;../../images/529.jpg
209;195;169;../../images/53.jpg
127;115;114;../../images/530.jpg
221;214;211;../../images/531-mega.jpg
227;191;179;../../images/531.jpg
171;150;132;../../images/532.jpg
159;125;129;../../images/533.jpg
148;136;129;../../images/534.jpg
146;152;141;../../images/535.jpg
134;148;145;../../images/536.jpg
100;136;152;../../images/537.jpg
162;142;137;../../images/538.jpg
115;140;151;../../images/539.jpg
217;193;150;../../images/54.jpg
166;166;91;../../images/540.jpg
149;181;85;../../images/541.jpg
168;186;122;../../images/542.jpg
146;90;96;../../images/543.jpg
128;118;127;../../images/544.jpg
138;95;107;../../images/545.jpg
179;197;176;../../images/546.jpg
199;197;167;../../images/547.jpg
165;192;140;../../images/548.jpg
155;170;115;../../images/549.jpg
132;163;185;../../images/55.jpg
123;162;131;../../images/550-blue-striped.jpg
131;156;129;../../images/550-red-striped.jpg
147;125;100;../../images/551.jpg
151;131;115;../../images/552.jpg
136;112;119;../../images/553.jpg
197;132;112;../../images/554.jpg
185;123;108;../../images/555-standard.jpg
141;162;127;../../images/556.jpg
149;122;103;../../images/557.jpg
126;106;90;../../images/558.jpg
211;187;142;../../images/559.jpg
205;190;181;../../images/56.jpg
196;154;117;../../images/560.jpg
172;160;146;../../images/561.jpg
125;110;97;../../images/562.jpg
152;148;134;../../images/563.jpg
104;122;147;../../images/564.jpg
112;135;162;../../images/565.jpg
189;174;164;../../images/566.jpg
142;160;161;../../images/567.jpg
128;141;126;../../images/568.jpg
139;138;128;../../images/569.jpg
174;156;147;../../images/57.jpg
95;77;90;../../images/570.jpg
116;79;89;../../images/571.jpg
201;194;190;../../images/572.jpg
193;190;197;../../images/573.jpg
168;159;169;../../images/574.jpg
114;112;115;../../images/575.jpg
104;101;101;../../images/576.jpg
181;205;170;../../images/577.jpg
168;202;168;../../images/578.jpg
175;201;171;../../images/579.jpg
192;165;140;../../images/58.jpg
165;193;186;../../images/580.jpg
212;218;219;../../images/581.jpg
200;210;226;../../images/582.jpg
185;208;226;../../images/583.jpg
194;213;229;../../images/584.jpg
205;177;142;../../images/585-autumn.jpg
205;181;164;../../images/585-spring.jpg
167;184;140;../../images/585-summer.jpg
193;177;155;../../images/585-winter.jpg
163;120;102;../../images/586-autumn.jpg
160;138;116;../../images/586-spring.jpg
103;117;90;../../images/586-summer.jpg
157;140;131;../../images/586-winter.jpg
182;173;142;../../images/587.jpg
133;146;137;../../images/588.jpg
162;132;131;../../images/589.jpg
190;161;134;../../images/59.jpg
208;197;188;../../images/590.jpg
150;134;131;../../images/591.jpg
184;214;225;../../images/592.jpg
230;208;219;../../images/592f.jpg
184;215;237;../../images/593.jpg
221;201;217;../../images/593f.jpg
193;144;154;../../images/594.jpg
199;182;111;../../images/595.jpg
187;171;137;../../images/596.jpg
139;153;140;../../images/597.jpg
142;155;147;../../images/598.jpg
137;142;146;../../images/599.jpg
113;136;152;../../images/6-mega-x.jpg
201;161;136;../../images/6-mega-y.jpg
180;174;154;../../images/6.jpg
149;166;186;../../images/60.jpg
146;152;156;../../images/600.jpg
140;146;153;../../images/601.jpg
203;213;220;../../images/602.jpg
152;142;135;../../images/603.jpg
145;146;147;../../images/604.jpg
143;182;175;../../images/605.jpg
172;149;142;../../images/606.jpg
179;186;212;../../images/607.jpg
109;115;122;../../images/608.jpg
123;126;140;../../images/609.jpg
140;155;176;../../images/61.jpg
110;121;97;../../images/610.jpg
127;126;114;../../images/611.jpg
153;141;102;../../images/612.jpg
171;195;215;../../images/613.jpg
207;220;224;../../images/614.jpg
126;147;180;../../images/615.jpg
182;165;161;../../images/616.jpg
142;129;141;../../images/617.jpg
186;154;122;../../images/618.jpg
206;172;147;../../images/619.jpg
138;156;180;../../images/62.jpg
197;188;196;../../images/620.jpg
98;125;138;../../images/621.jpg
116;143;138;../../images/622.jpg
124;147;142;../../images/623.jpg
160;142;144;../../images/624.jpg
158;136;135;../../images/625.jpg
134;118;97;../../images/626.jpg
190;184;178;../../images/627.jpg
141;119;119;../../images/628.jpg
141;128;123;../../images/629.jpg
196;182;109;../../images/63.jpg
133;119;113;../../images/630.jpg
162;126;111;../../images/631.jpg
132;131;133;../../images/632.jpg
111;111;118;../../images/633.jpg
104;101;106;../../images/634.jpg
116;108;121;../../images/635.jpg
172;154;149;../../images/636.jpg
190;143;130;../../images/637.jpg
116;157;162;../../images/638.jpg
139;127;118;../../images/639.jpg
185;168;113;../../images/64.jpg
176;191;146;../../images/640.jpg
153;150;151;../../images/641-incarnate.jpg
140;148;135;../../images/641-therian.jpg
147;152;162;../../images/642-incarnate.jpg
147;154;172;../../images/642-therian.jpg
201;208;219;../../images/643.jpg
82;86;88;../../images/644.jpg
165;143;136;../../images/645-incarnate.jpg
182;154;141;../../images/645-therian.jpg
129;131;133;../../images/646-black.jpg
172;175;174;../../images/646-white.jpg
153;161;164;../../images/646.jpg
183;175;166;../../images/647-ordinary.jpg
183;173;167;../../images/647-resolute.jpg
182;158;150;../../images/648-pirouette.jpg
183;187;175;../../images/648.jpg
142;116;147;../../images/649.jpg
194;181;169;../../images/65-mega.jpg
185;172;121;../../images/65.jpg
182;170;134;../../images/650.jpg
142;130;90;../../images/651.jpg
184;186;160;../../images/652.jpg
223;182;131;../../images/653.jpg
197;171;137;../../images/654.jpg
201;149;122;../../images/655.jpg
147;182;180;../../images/656.jpg
130;161;179;../../images/657.jpg
163;157;178;../../images/658.jpg
148;136;126;../../images/659.jpg
164;184;190;../../images/66.jpg
168;156;136;../../images/660.jpg
171;144;136;../../images/661.jpg
156;127;112;../../images/662.jpg
173;140;120;../../images/663.jpg
125;121;117;../../images/664.jpg
182;175;175;../../images/665.jpg
125;99;125;../../images/666-elegant.jpg
181;125;146;../../images/666.jpg
148;125;106;../../images/667.jpg
189;131;92;../../images/668.jpg
165;128;101;../../images/668f.jpg
211;174;151;../../images/669.jpg
163;164;177;../../images/67.jpg
167;148;138;../../images/670.jpg
136;162;155;../../images/671.jpg
105;130;113;../../images/672.jpg
119;135;111;../../images/673.jpg
161;159;150;../../images/674.jpg
127;127;131;../../images/675.jpg
187;172;149;../../images/676-diamond.jpg
176;160;157;../../images/676-heart.jpg
164;178;175;../../images/676-star.jpg
205;209;198;../../images/676.jpg
151;149;164;../../images/677.jpg
118;134;166;../../images/678.jpg
185;189;202;../../images/678f.jpg
136;148;152;../../images/679.jpg
153;163;171;../../images/68.jpg
182;144;156;../../images/680.jpg
175;167;146;../../images/681-blade.jpg
160;149;138;../../images/681-shield.jpg
179;170;155;../../images/681.jpg
199;148;159;../../images/682.jpg
190;135;158;../../images/683.jpg
231;223;228;../../images/684.jpg
210;180;191;../../images/685.jpg
188;183;188;../../images/686.jpg
169;158;178;../../images/687.jpg
165;151;137;../../images/688.jpg
154;142;136;../../images/689.jpg
172;187;140;../../images/69.jpg
147;127;122;../../images/690.jpg
173;146;142;../../images/691.jpg
156;190;200;../../images/692.jpg
101;138;158;../../images/693.jpg
183;174;129;../../images/694.jpg
193;176;137;../../images/695.jpg
141;124;116;../../images/696.jpg
179;140;133;../../images/697.jpg
181;203;211;../../images/698.jpg
181;194;202;../../images/699.jpg
132;168;175;../../images/7.jpg
175;188;142;../../images/70.jpg
217;197;205;../../images/700.jpg
168;167;150;../../images/701.jpg
180;152;99;../../images/702.jpg
173;177;189;../../images/703.jpg
187;177;189;../../images/704.jpg
190;179;194;../../images/705.jpg
194;183;198;../../images/706.jpg
184;177;175;../../images/707.jpg
112;105;96;../../images/708.jpg
137;143;128;../../images/709.jpg
163;185;132;../../images/71.jpg
137;114;92;../../images/710.jpg
168;135;108;../../images/711.jpg
201;214;227;../../images/712.jpg
198;211;229;../../images/713.jpg
152;130;156;../../images/714.jpg
132;121;133;../../images/715.jpg
168;167;163;../../images/716.jpg
140;100;101;../../images/717.jpg
122;127;92;../../images/718.jpg
237;222;228;../../images/719-mega.jpg
205;191;202;../../images/719.jpg
125;134;156;../../images/72.jpg
159;145;157;../../images/720-unbound.jpg
175;155;150;../../images/720.jpg
140;89;87;../../images/721.jpg
137;143;161;../../images/73.jpg
158;158;154;../../images/74.jpg
155;158;150;../../images/75.jpg
123;118;115;../../images/76.jpg
223;186;144;../../images/77.jpg
230;193;161;../../images/78.jpg
210;169;179;../../images/79.jpg
175;195;205;../../images/8.jpg
171;165;163;../../images/80-mega.jpg
198;161;172;../../images/80.jpg
165;172;177;../../images/81.jpg
157;163;172;../../images/82.jpg
170;159;138;../../images/83.jpg
173;152;134;../../images/84.jpg
172;151;143;../../images/85.jpg
205;210;217;../../images/86.jpg
213;219;227;../../images/87.jpg
146;129;155;../../images/88.jpg
141;130;145;../../images/89.jpg
150;153;157;../../images/9-mega.jpg
142;144;151;../../images/9.jpg
131;124;149;../../images/90.jpg
124;120;138;../../images/91.jpg
134;119;131;../../images/92.jpg
116;106;124;../../images/93.jpg
139;101;121;../../images/94-mega.jpg
117;106;138;../../images/94.jpg
129;128;138;../../images/95.jpg
177;157;104;../../images/96.jpg
212;195;122;../../images/97.jpg
195;160;144;../../images/98.jpg
195;161;146;../../images/99.jpg
